00103 
00208 


10007 (10113) 
(10009) 

(10113) (10114) 
(00102) 


00104 
10003 
00201 

00201 (10001) 

00201 

(10005) 
00204 


















(10602) 

(10201) (10310) 





10404 


10115 




10109 








(10207) 


10109 




10512 



10512 





10103 




(10001) 










10009 




(10012) 10014 





(10113) 


10115 (10304) 



10103 
10103 
(10006) 


10212 (10403) 



(10613) 

(10103) 
(10102) (10103) 
10004 
10004 
(10004) (10101) 
10114 10209 
10209 
10312 
10114 
10010 


10312 
(10113) 
(10012) (10014) 
10014 



(10010) 10011 
10011 
10602 








10305 











(10208) 

10614 











10011 10013 
10013 
(10013) 

(10214) 
10214 
10207 10214 
10413 10414 





10007 
10007 




(10404) 

(10305) 


(10104) 
(00103) 

00207 
10005 

00207 

(10003) (10004) 10101 
(10003) (10004) (10101) 
(10003) (10004) 10012 (10101) 
00204 




10002 
(10002) 






10104 




10116 



10301 

(10613) 10614 
10102 

(10113) 





(10113) 








(10104) 













(10310) 22205 

(10101) 






(00103) 
(00103) 
(00102) 

10006 
(10110) 
10110 
10110 
(10110) 
10107 
00103 


(10201) 





(10109) 
(10115) 
(10102) (10103) 10106 
10106 
(10106) 



10107 
(10107) 
(10107) 

10005 



10110 
(10001) (10002) 

10113 
10111 
10111 
10111 
10009 





(10111) 

(10516) 









10311 
(10006) (10104) 10108 
10112 
(10114) 
(10111) 
(10111) 











10313 
(10313) 



00206 
00208 
10105 
10313 
(10313) 
10314 
(10314) 



















(10416) 



10314 
(10314) 
(10314) 
10314 



(10111) 





10105 
10105 
(10105) 
(10105) 
(10112) (10304) 











10202 
10202 
10007 10007 








10204 
10204 
(10204) 

(10204) 
00103 



10511 


10215 

(10207) 
(10207) 
(10106) 10207 
(10516) 

10214 
10210 
10210 
10210 
(10210) 




10205 
10205 
10205 
(10205) 10206 10303 


(10206) 




10310 




00208 
10007 (10310) 10413 


(10205) 

(10205) 
(10205) (10206) 


10208 
10208 
10208 


(10305) 




(10304) 



(10013) 

(10013) 








(10414) 


10203 
10203 
10216 
10216 
(10216) 






(10505) 
10206 
(10206) 



10307 
10307 
10310 
(10304) 
(10304) 



(10311) 



(10302) 10303 







10315 






























10305 
(10305) 
(10305) 
10309 
10309 10411 
10306 
(10306) 10410 











18701 







10011 10213 
















(10102) (10106) 







(10307) 10308 
10308 
(10207) 




10315 


10513 
10510 

(10109) 


10602 
10204 
10304 
(10213) 
(10401) 



10002 
(10302) (10408) 
(10401) 10614 
(10207) 10404 
10004 

10401 10614 


(10001) 

(10108) 


10508 
(10008) 10401 10402 10613 
10508 







(10404) 
10410 







(10112) 10304 



(10401) 10403 10613 









10404 
(10404) 
10404 
10508 
(10508) 



















10002 

10203 

10509 




10102 
(10102) (10106) 



(10002) 



10202 
(10202) 











10302 




(10205) 10206 








(10013) 












10101 






10101 


(10012) (10014) 










(10515) 
10515 
10515 
(10606) 
(10606) 


10003 

20507 







10515 
10606 





10402 
(10402) 
10402 





10403 
(10403) 












10408 
00106 00203 
00206 

(10301) 10302 








10406 





10001 
10305 
10008 










00202 00203 
00202 00204 (10001) 


















10413 






(10413) 



10410 











(10203) 








10409 
10409 
10409 10411 (10513) 
10409 10513 









10102 




10513 
(10513) 
(10401) 20501 






10213 
10010 10212 




(10609) 10612 

10612 
(10213) 



18606 


10012 
10014 
10514 
10514 
10514 
(20502) 

10213 


















20502 
(10408) 10501 



(00102) 












00101 
00101 


















10416 
10112 
10112 
00104 
00104 



10416 
10416 
20501 20502 
(20501) 
20501 
10412 
10412 
10412 




10106 

00105  
00105 
00105 


(10312) 







00106 00203 
00106 


10415 
10415 

10415 

10415 


00202 


10114 (10209) 


(10405) (10507) 
(10405) 10507 
(10405) 10507 















18605 
10104 
10104 








(10416) 


00205 
00205 
00205 
00206 










10008 10311 (10402) 
(10311) (10402) 

















(20506) 
10312 

10209 
(10209) 



18603 




























































18604 























































































































18601 













10001 
10001 
(10006) 

(10603) 
(10603) 
(10603) 









(10003) 
10003 





















10516 
10516 
(10516) 

















10005 









10009 








(10008) 










(10002) 








10010 (10105) 

















(10416) 
10109 










10013 















10502 
10502 
10502 




10012 






10503 
10503 
10502 













10503 
(10503) 20509 



(10503) 20509 
(10503) 20509 
10503 































10108 
10108 

































10215 
10215 
10215 








10211 (10601) 
10211 (10601) 
10211 (10601) 
10211 (10601) 













10301 





(10302) 





10201 
10201 



(10202) 






















10406 10411 20503 
















10601 






(10407) 
(00102) 
(00102) 
(00102) 
10401 10613 






10302 
00101 
00101 
(00103) 

10003 




10303 











(10204) 

10304 
10516 












10405 
10405 









10405 






10306 


10107 
10006 
10006 








20510 




10407 
10207 
10008 


18602 



10605 
10605 
10605 
(10605) 
(10605) 20603 
(10605) 


18606 




10308 






10407 
10408 
10408 (10609) 
20504 






20505 10610 
20505 10610 

20505 10611 
10611 
10611 
(10611) 
(10611) 
(10611) 













20510 
00102 



10310 







22204 
20512 

20603 
20603 

20504 
20504 










(10609) 10612 

















10113 (10312) 
10113 (10312) 
00207 

18606 














10414 
10414 










20506 
20506 
20506 



20508 
20508 

















20503 
20503 
















10116 



































































































18604 















22204 
22204 












18605 18705 




22204 




18702 


10608 






































10501 
10501 







10504 
10504 
10505 













22206 





10506 
10506 
22203 
22202 







22202 






22203 




22206 

22206 
18606 













































10505 






























































10511 
































20507 
20507 





















10512 
10512 












































































10506 










10509 
10509 

10510 
10510 













































20502 



























10603 
10603 
10603 







10602 
10609 
10609 
10609 




















































10601 
10601 


10604 
10604 
10604 




10606 
10606 
10608 







10115 



















20602 
20602 
20602 





10608 


10607 
10607 
10607 















































22201 
20511 
22201 







20511 
20511 









18602 
18704 
22203 18704 

































22201 

















18604 
20512 
18602 22202 
18604 


18601 

22205 




























































































































































































































































18605 










18605 









18602 

18702 
18702 
18702 
22203 18704 
18603 
18706 
18706 

18601 

18601 
18603 

18603 
18704 


18706 
18706 
18701 














22201 




















22202 

22205 
22205 
22206 



































































































































































