100
9331 8352 4523 2693 7203 7627 8233 4438 728 5678 4179 4835 3946 1943 2151 4167 3604 5232 7436 7424 9130 7517 7596 9755 7027 2512 9988 1709 2963 5372 5464 2293 3723 9986 1338 925 3964 9570 1714 4691 1599 5892 5877 5544 4187 8027 6062 7790 3259 3498 5213 2388 7366 9161 8495 744 1672 4834 2452 987 205 4267 9631 3927 604 968 1204 4567 6889 2917 5609 8487 5161 1485 4031 9347 9512 6444 3488 9122 6293 8701 7861 3658 4213 6355 4401 2236 1188 3204 3222 7744 7470 2853 8023 4425 3820 9226 5343 7061 
99
1 49 4 5 7 10 11 13 14 16 20 23 24 26 28 31 32 33 35 41 42 43 46 47 49 52 54 55 58 59 61 62 63 65 68 69 73 74 75 80 83 85 88 89 91 93 94 95 97 98 99 
2 47 3 4 7 12 14 15 17 19 22 24 26 27 28 29 32 34 37 39 40 42 48 51 53 54 55 56 57 63 65 66 67 69 72 73 76 82 84 86 88 89 90 91 93 96 98 99 100 
3 57 1 2 6 7 9 10 11 14 15 16 17 21 26 27 30 34 39 40 41 43 45 46 47 49 50 51 53 54 60 61 63 64 65 66 68 69 70 71 72 73 75 77 79 81 84 85 86 87 89 90 91 95 96 97 98 99 100 
4 43 6 9 10 13 14 15 20 22 23 25 27 28 36 37 39 41 42 50 51 57 59 60 62 63 64 65 66 69 70 76 78 79 80 82 83 85 90 91 94 95 96 98 99 
5 49 2 4 6 10 11 14 17 18 20 23 24 25 26 28 31 32 33 36 37 40 41 42 43 46 48 52 56 57 59 60 67 68 70 73 74 76 77 79 80 82 84 85 89 90 92 95 97 98 100 
6 50 3 4 7 8 9 13 14 15 16 17 18 19 21 22 24 26 27 28 30 32 37 38 39 40 41 42 43 44 49 50 53 55 56 58 63 69 70 71 72 73 76 79 80 81 86 87 90 91 92 95 
7 62 1 2 3 5 6 8 9 10 11 13 14 15 20 22 26 29 30 32 34 35 38 39 40 41 45 46 49 50 51 52 54 55 59 61 62 63 64 65 67 68 70 71 72 73 74 75 76 79 80 81 83 84 85 88 90 91 92 95 96 97 99 100 
8 50 1 4 5 6 9 10 13 14 19 21 22 24 25 26 27 29 31 32 34 36 37 41 43 46 49 50 55 57 60 65 67 70 71 72 75 77 78 84 85 86 87 90 91 93 94 95 96 97 99 100 
9 50 6 8 11 12 14 16 17 18 20 22 23 25 27 29 32 33 35 36 38 39 41 43 44 46 47 48 50 52 54 55 56 60 64 66 67 71 72 78 79 82 83 84 85 88 92 96 97 98 99 100 
10 52 1 5 8 11 13 14 15 17 19 22 23 24 25 26 29 30 31 34 36 38 41 42 47 54 55 56 58 60 61 62 64 65 68 69 71 73 74 75 77 80 85 86 88 89 91 93 94 95 97 98 99 100 
11 52 1 3 8 12 14 15 16 18 19 20 21 23 24 25 27 29 30 31 33 34 35 36 37 38 39 43 45 48 50 51 52 53 57 61 63 65 69 70 72 73 74 79 81 83 85 92 94 95 96 97 98 100 
12 55 4 7 10 13 14 15 17 18 20 22 29 31 34 35 38 44 46 48 49 51 52 53 54 55 57 58 60 61 62 63 69 70 71 72 73 74 75 76 78 79 80 81 84 85 87 88 89 90 92 94 95 97 98 99 100 
13 51 5 6 7 8 11 14 15 17 19 20 21 22 24 26 27 28 32 34 35 36 39 40 41 43 44 45 47 48 52 53 56 57 58 59 60 62 66 68 70 72 73 74 77 79 80 82 85 87 89 92 99 
14 47 1 2 3 6 8 9 13 16 18 19 22 23 26 29 33 34 38 39 41 47 48 49 50 51 52 55 60 64 65 67 69 70 73 75 76 80 81 82 83 90 91 93 94 96 98 99 100 
15 48 2 4 5 6 7 8 9 10 12 13 14 16 18 19 23 26 27 31 32 33 34 38 39 41 42 43 45 47 48 49 51 57 58 61 63 65 66 69 70 74 76 77 78 81 84 89 94 100 
16 50 1 3 5 6 7 12 14 15 17 18 20 21 23 25 31 34 36 38 39 40 41 42 44 46 51 53 60 63 65 66 67 68 73 74 75 78 80 82 83 84 85 86 87 89 91 92 95 96 97 100 
17 50 2 3 4 6 7 10 11 15 18 21 22 23 24 25 31 33 34 36 38 41 42 43 44 47 48 49 50 54 55 56 58 59 62 63 64 66 67 70 72 74 75 80 85 86 88 89 90 92 94 98 
18 49 2 4 6 7 9 10 12 13 16 17 21 23 25 28 29 30 35 37 39 42 44 45 50 51 52 53 55 56 61 64 66 67 68 69 72 73 75 78 79 83 86 87 88 89 90 91 94 95 100 
19 50 1 3 7 9 14 18 20 23 25 27 28 29 30 31 33 36 38 39 40 41 42 43 44 46 48 50 52 55 56 59 60 61 63 67 69 71 72 73 74 79 80 82 85 86 87 91 92 94 97 98 
20 51 3 4 5 7 8 16 19 22 23 24 26 27 28 29 31 32 34 36 37 40 42 45 48 50 51 52 54 58 59 60 61 62 64 66 68 69 70 72 76 77 79 80 81 85 91 92 93 95 96 97 98 
21 53 3 5 6 9 10 11 12 13 15 16 18 19 26 27 28 30 31 32 34 35 36 38 39 43 47 48 49 51 52 54 55 56 58 60 65 66 67 68 69 71 72 73 75 76 83 84 85 89 91 94 96 99 100 
22 57 3 4 5 7 8 9 10 11 12 13 16 17 19 21 24 25 26 27 28 29 31 32 35 36 39 40 41 43 44 45 46 50 52 53 54 58 59 60 61 66 67 68 69 72 73 74 77 80 81 85 88 90 92 94 95 98 99 
23 44 1 3 5 6 9 11 13 14 21 24 25 26 30 32 33 34 36 39 40 41 42 43 46 49 53 57 60 61 64 65 68 69 70 74 76 79 80 81 88 90 92 93 96 97 
24 44 2 7 8 10 12 13 15 16 21 27 28 29 31 32 33 34 35 36 37 38 42 43 44 45 46 49 57 62 63 64 65 69 70 72 76 77 79 87 88 90 91 95 96 97 
25 47 1 4 8 9 11 12 14 18 22 23 28 31 32 34 36 38 40 41 44 45 47 48 49 50 52 53 54 56 57 62 63 65 67 68 69 75 76 77 79 82 84 88 91 93 94 97 99 
26 48 2 6 7 8 9 11 12 13 14 16 17 19 20 23 25 33 36 37 38 40 44 45 46 47 48 49 62 65 67 68 69 72 75 76 77 80 82 83 85 86 88 89 90 91 94 96 97 98 
27 48 1 4 5 6 7 9 10 11 12 15 16 17 20 21 22 23 24 26 28 30 33 35 37 39 43 45 51 52 57 58 64 66 68 70 71 73 79 80 81 84 85 86 87 90 93 95 96 98 
28 43 2 5 9 10 11 14 15 16 19 24 27 29 30 33 37 42 45 46 47 48 49 52 55 56 59 61 67 68 70 71 73 74 78 79 82 83 87 90 93 96 98 99 100 
29 45 1 3 9 10 12 13 16 18 19 20 23 24 26 27 28 34 37 39 40 41 42 45 47 50 51 53 56 57 58 61 64 68 70 74 77 80 81 82 85 87 89 91 94 95 98 
30 46 4 5 6 7 8 9 10 16 18 19 20 21 23 26 32 33 34 38 39 40 43 46 47 48 53 56 57 59 60 61 62 69 71 72 75 77 79 81 87 88 92 93 94 95 97 100 
31 48 12 15 19 22 26 29 32 34 35 36 37 39 42 43 45 46 48 49 50 51 54 56 57 59 64 65 66 68 69 70 71 72 75 76 77 78 80 82 83 84 85 86 89 90 92 93 99 100 
32 53 1 3 4 5 11 15 16 17 18 19 22 24 29 30 31 36 37 39 40 41 42 43 44 45 46 48 50 51 52 54 60 63 66 67 68 72 73 76 77 80 81 82 84 85 86 88 89 92 94 95 96 97 100 
33 51 1 2 5 7 10 11 12 13 17 19 21 22 24 26 28 30 32 35 36 38 39 43 44 47 48 52 53 55 57 58 59 60 67 68 69 71 72 73 74 75 76 77 79 80 81 82 83 85 89 99 100 
34 50 2 3 4 7 8 12 13 14 17 20 23 25 26 27 28 29 31 33 35 36 42 44 47 51 52 55 56 57 59 60 61 63 69 72 73 75 80 82 84 85 86 90 91 92 93 95 96 97 98 99 
35 50 3 4 7 8 9 10 12 16 17 18 20 22 27 28 29 30 31 32 33 36 37 43 49 51 52 53 55 56 58 60 62 63 64 68 70 71 73 75 78 80 81 82 83 85 88 89 91 92 98 99 
36 55 3 4 7 8 9 10 13 14 20 21 22 23 24 25 26 27 28 31 38 39 40 41 43 45 48 51 52 53 57 58 59 61 62 64 65 70 71 72 73 74 75 76 77 78 80 82 83 84 85 86 88 89 90 91 94 
37 54 1 2 3 4 8 9 11 12 15 16 17 18 22 23 24 25 26 27 28 29 30 31 35 36 38 40 42 43 45 47 48 49 51 52 53 57 58 59 63 64 74 76 77 78 81 83 84 87 89 90 93 94 95 98 
38 45 1 4 5 7 9 10 12 13 18 20 23 29 32 33 39 40 41 42 45 48 51 53 56 57 59 61 62 63 65 68 69 70 73 74 75 77 78 80 82 84 85 89 90 91 96 
39 50 4 5 6 7 8 9 10 12 17 21 22 24 34 35 38 40 42 44 47 48 50 51 52 53 54 56 57 59 60 64 65 66 67 68 71 72 73 74 76 78 82 84 88 89 91 92 94 96 98 100 
40 52 1 2 4 5 8 9 10 11 12 14 15 16 18 20 21 22 24 26 28 30 35 36 38 44 45 46 48 49 54 59 61 62 65 66 67 68 69 72 74 76 79 80 81 82 84 87 90 91 94 97 98 99 
41 52 1 3 4 5 7 8 11 12 13 14 17 20 21 22 23 24 25 26 27 29 30 33 34 37 38 39 43 45 50 52 54 56 57 59 61 62 65 69 70 75 76 78 83 84 85 86 89 93 94 97 99 100 
42 55 2 3 5 7 8 10 11 13 15 16 19 20 24 25 29 30 31 32 34 35 37 39 40 44 45 46 48 49 51 52 54 55 56 57 58 59 62 63 68 69 71 72 73 74 78 81 82 83 84 88 89 90 92 94 100 
43 45 2 4 9 13 15 16 18 21 23 24 26 31 33 34 36 37 39 40 44 46 52 53 55 56 57 58 59 60 61 65 67 71 74 75 78 79 81 82 85 86 87 88 92 95 96 
44 48 2 4 6 7 11 14 16 22 23 24 25 34 35 38 39 40 41 43 45 46 47 48 49 50 51 55 58 65 69 70 71 73 77 78 79 80 83 84 87 89 90 92 93 94 95 96 97 99 
45 51 1 4 7 8 9 10 13 14 15 17 20 21 22 27 28 31 32 34 40 41 43 48 50 52 54 57 58 59 60 65 66 67 68 69 70 71 73 76 77 78 79 80 82 83 86 88 90 93 94 95 100 
46 50 1 2 3 5 6 10 14 16 21 22 23 27 30 31 32 35 36 37 38 44 45 48 49 51 52 53 55 56 59 61 63 64 66 67 70 72 73 77 79 80 85 86 87 88 90 92 93 94 95 100 
47 42 1 10 11 13 14 21 25 26 29 31 34 36 37 39 40 41 43 45 48 50 52 53 55 57 62 64 68 70 72 73 75 79 81 82 83 85 87 90 92 93 96 99 
48 58 1 2 3 5 6 8 9 10 11 12 13 15 17 19 20 22 24 30 31 32 33 35 37 38 40 41 42 46 50 53 54 55 56 57 58 59 61 63 65 66 71 72 74 75 77 79 80 81 82 83 87 89 90 93 94 98 99 100 
49 46 1 4 7 8 12 14 17 18 23 26 30 31 35 38 39 41 42 43 44 46 48 51 52 53 55 56 59 61 62 64 65 67 68 69 71 73 76 80 84 91 92 93 94 95 97 99 
50 46 1 3 6 9 11 12 15 16 18 19 21 23 28 29 30 33 34 40 41 44 46 49 54 55 58 60 61 63 65 66 68 70 72 73 76 78 79 80 81 82 83 84 91 92 95 96 
51 50 1 3 6 7 11 12 13 14 15 16 17 18 20 21 22 24 32 34 35 39 40 44 45 46 48 52 54 57 60 65 66 67 68 69 72 74 79 80 81 82 84 86 87 88 89 90 93 97 98 99 
52 51 1 3 5 6 8 10 12 14 16 18 20 22 23 24 25 27 28 29 31 32 34 35 36 38 39 42 43 46 47 53 54 55 57 59 60 61 62 64 66 67 71 73 83 84 87 88 89 90 95 97 100 
53 46 2 3 13 14 15 16 20 21 22 23 24 25 27 28 29 32 33 35 36 38 39 44 45 46 48 49 52 54 56 60 64 67 69 72 77 79 80 81 85 87 88 90 94 97 98 99 
54 46 1 2 8 9 10 13 16 17 20 21 22 24 28 29 30 31 34 40 43 44 45 46 49 50 51 52 57 59 61 63 66 71 73 75 77 80 81 82 84 85 87 89 91 97 98 100 
55 48 1 2 3 5 6 8 9 15 16 19 20 27 29 30 31 32 33 34 35 39 40 42 43 45 47 50 51 53 54 58 60 61 62 71 73 75 76 79 81 84 86 87 90 91 92 95 96 99 
56 54 2 4 5 6 10 12 14 18 22 24 25 26 28 29 30 31 32 35 37 38 40 41 43 44 45 46 47 48 49 50 52 57 59 60 62 65 66 69 73 74 75 80 81 83 84 86 87 88 90 94 96 98 99 100 
57 46 1 2 3 7 8 10 12 13 14 15 16 17 20 21 22 23 24 26 33 34 38 39 42 44 45 46 49 50 51 52 58 61 70 73 77 80 81 82 84 85 87 89 95 97 98 100 
58 48 1 2 3 5 6 8 12 13 15 22 24 25 26 27 29 31 33 34 39 42 44 45 46 47 49 50 55 60 63 64 65 66 68 69 70 72 73 77 78 84 85 86 87 88 90 93 94 100 
59 49 1 7 8 9 10 11 12 16 17 18 20 21 25 27 28 30 32 33 36 38 40 42 45 46 47 48 50 52 53 58 62 64 65 68 69 72 73 74 76 78 81 85 87 88 89 92 96 99 100 
60 57 2 4 11 12 13 14 15 17 19 21 22 23 24 25 26 28 29 30 32 33 34 36 37 38 40 41 42 48 51 52 53 56 57 58 62 63 64 66 67 68 70 71 74 77 78 79 81 83 87 88 89 91 92 93 95 96 97 
61 48 1 2 4 5 7 9 15 19 20 24 26 28 29 30 31 34 35 36 40 46 49 50 51 53 55 56 57 59 60 63 64 66 67 69 70 71 73 74 78 86 87 88 89 93 96 97 98 99 
62 41 4 6 7 19 20 24 28 29 30 31 32 37 40 42 43 45 48 50 51 53 54 56 57 63 66 68 69 72 73 74 75 76 77 78 80 81 82 88 91 99 100 
63 55 1 2 3 5 7 12 13 15 18 19 22 23 25 26 27 28 31 32 35 36 38 39 41 42 43 45 46 48 53 54 55 62 65 66 67 68 70 72 74 75 79 80 82 83 84 87 88 90 91 92 94 95 96 98 99 
64 51 2 3 8 13 14 15 18 19 23 24 25 26 28 30 31 36 37 38 40 41 45 46 48 50 52 54 56 59 65 66 67 70 71 72 73 74 75 76 77 80 81 84 87 89 91 92 94 95 96 98 99 
65 51 2 3 6 7 8 9 10 11 14 18 20 21 22 24 25 26 27 28 32 33 34 35 39 40 41 44 47 49 51 53 54 55 60 61 66 69 71 74 77 78 81 82 84 87 88 90 92 93 96 97 99 
66 52 4 7 8 12 13 19 20 21 22 24 25 29 30 32 33 36 37 39 40 42 44 45 46 47 49 51 53 54 55 58 60 65 67 69 71 72 73 74 76 79 80 85 86 88 89 90 92 93 94 95 98 100 
67 50 1 2 4 5 8 10 11 12 13 14 15 18 20 23 25 28 29 30 32 36 37 39 40 41 45 46 48 49 51 52 53 55 61 63 64 65 66 69 71 76 77 81 82 85 86 89 93 94 98 100 
68 51 1 2 3 4 5 6 8 9 11 14 16 17 18 19 21 22 23 26 31 32 36 37 40 43 45 49 50 51 53 55 56 57 58 60 62 67 75 76 78 80 82 83 84 85 87 90 91 94 97 98 100 
69 46 1 3 4 7 9 10 11 14 15 16 17 19 20 21 23 25 26 29 31 33 36 37 38 42 47 51 54 56 59 60 61 67 68 70 72 73 75 76 79 80 82 83 86 87 89 100 
70 43 1 6 8 9 10 12 14 15 19 20 22 25 28 36 37 43 45 47 48 53 57 59 60 61 62 63 64 65 74 75 76 77 80 82 83 84 85 86 87 89 93 94 97 
71 52 1 4 5 6 7 9 10 11 12 17 18 21 23 26 28 29 31 36 37 38 39 40 44 46 47 48 50 54 58 59 60 61 62 65 67 69 70 72 73 77 78 79 80 81 82 83 84 87 89 93 99 100 
72 50 1 6 8 11 12 13 18 20 24 30 31 32 33 37 39 40 43 45 46 48 49 51 52 53 54 56 57 61 62 63 64 65 66 67 73 74 79 80 81 85 86 87 88 89 90 91 92 93 98 99 
73 45 1 2 6 9 17 19 20 21 27 29 33 34 35 36 38 39 40 41 42 48 50 53 56 58 60 61 65 66 67 68 70 71 74 77 81 85 87 88 90 91 92 94 96 98 99 
74 48 4 5 7 10 12 15 16 17 18 20 22 30 31 33 34 35 38 42 45 46 47 51 52 53 55 58 62 63 64 65 67 68 69 71 73 77 79 80 84 87 88 89 91 93 95 97 98 99 
75 52 1 2 6 8 9 10 11 12 14 17 19 20 22 23 24 25 29 30 31 34 36 38 40 42 45 46 47 49 51 52 53 56 57 59 63 66 67 72 73 77 79 81 83 85 87 90 93 94 95 96 97 100 
76 49 10 12 16 18 19 22 23 25 27 30 31 32 33 35 38 41 44 49 50 51 56 58 59 61 62 63 65 68 71 72 73 74 77 80 81 82 83 84 85 86 87 88 91 92 93 94 97 99 100 
77 48 1 2 7 10 11 12 15 16 17 20 23 25 26 29 33 36 37 39 40 41 43 47 48 51 56 57 58 59 61 62 63 66 67 68 69 70 72 73 74 75 79 80 87 88 89 90 94 99 
78 53 1 3 5 8 12 15 16 17 18 23 25 26 27 29 34 35 37 38 39 40 41 42 47 48 49 50 51 52 55 56 59 60 61 62 64 66 67 68 71 74 77 79 83 85 86 88 89 90 93 96 97 98 99 
79 43 5 8 9 10 11 12 13 14 19 20 21 29 30 32 33 35 38 39 40 42 51 54 57 60 61 67 69 71 73 76 80 82 83 86 87 90 91 92 94 97 98 99 100 
80 44 1 3 4 6 8 9 13 14 16 18 19 21 24 27 28 29 33 34 35 36 44 45 52 58 60 64 66 69 70 72 73 76 77 78 79 81 82 84 89 92 97 98 99 100 
81 55 2 4 6 8 10 12 13 16 19 20 22 23 24 25 26 27 28 37 39 40 42 44 45 46 48 49 50 53 54 55 57 59 60 61 62 64 67 68 71 73 74 75 78 79 82 85 86 89 91 93 94 95 96 97 99 
82 47 4 5 7 9 16 17 18 19 21 23 28 29 30 31 32 33 35 40 41 44 48 49 50 53 54 55 56 57 58 59 64 66 67 69 75 76 78 85 86 87 88 91 93 94 95 96 98 
83 51 1 4 9 10 13 14 16 18 20 22 23 24 25 26 28 31 32 38 39 40 42 43 44 46 48 49 52 54 56 61 63 64 69 70 71 72 74 76 78 80 81 84 85 89 90 93 95 96 98 99 100 
84 51 4 5 9 11 12 16 18 19 20 23 24 26 30 31 32 33 34 36 37 39 40 47 48 49 50 52 53 56 57 59 60 61 64 65 70 71 73 74 79 80 81 82 83 85 86 87 92 96 97 99 100 
85 50 1 2 4 7 12 13 14 15 16 19 22 27 28 29 30 35 37 39 40 42 43 47 49 51 52 54 57 58 59 62 63 67 68 69 72 73 74 75 76 79 80 81 84 87 88 91 93 95 96 97 
86 42 2 3 4 6 9 10 11 15 16 23 27 28 31 33 34 35 36 38 40 42 45 46 54 56 57 60 63 64 65 68 69 76 79 81 84 85 88 89 90 92 93 99 
87 49 1 2 4 9 15 16 17 21 22 23 25 26 28 30 31 32 34 40 43 45 51 52 53 55 58 62 63 64 65 66 67 68 69 74 76 77 81 82 83 85 86 88 90 91 92 96 97 98 100 
88 51 1 3 5 6 7 8 10 11 12 15 17 19 21 22 23 25 26 27 28 34 38 39 41 43 44 46 47 49 50 52 54 55 56 64 65 67 72 77 81 83 84 85 89 90 92 93 96 97 98 99 100 
89 45 1 2 4 5 11 12 13 17 18 23 24 28 29 30 32 33 37 39 40 41 43 46 48 51 54 56 57 62 63 64 65 67 72 74 75 76 80 83 84 85 86 93 95 96 99 
90 53 1 2 4 6 8 9 10 13 14 15 17 18 20 21 23 24 30 31 32 33 34 35 36 38 44 46 47 48 50 52 54 57 59 60 63 64 65 68 69 70 71 73 74 75 76 78 85 87 89 92 94 96 97 
91 55 1 4 5 9 10 12 13 16 17 18 19 21 22 23 24 26 28 29 32 40 41 43 44 45 46 50 52 53 54 56 59 60 62 64 65 67 69 70 71 73 75 77 78 80 81 85 87 88 92 93 94 96 98 99 100 
92 50 3 4 5 6 12 13 15 17 18 20 21 22 24 29 30 31 32 33 34 35 38 39 41 42 45 46 47 50 55 57 58 59 64 65 66 68 70 72 76 77 78 86 88 90 95 96 97 98 99 100 
93 49 2 5 9 12 15 17 20 21 23 24 26 27 28 32 33 35 37 38 41 42 44 45 46 48 49 52 57 58 59 60 61 62 65 69 70 71 72 74 76 82 83 85 86 89 90 91 95 98 100 
94 46 2 6 8 9 11 13 17 18 23 24 27 29 30 31 33 36 37 41 42 45 46 47 48 50 51 53 55 56 59 62 64 65 69 70 74 78 79 81 85 88 90 91 95 96 99 100 
95 51 1 3 4 5 6 7 8 9 11 13 14 17 19 22 30 31 32 33 39 40 43 44 46 47 48 50 51 59 63 64 65 66 68 69 70 74 75 78 79 82 85 86 88 89 90 91 92 96 97 98 100 
96 51 3 5 8 9 12 13 15 17 19 20 21 24 26 28 32 34 35 36 39 40 42 43 44 45 47 48 55 59 63 64 65 66 68 69 70 71 72 78 79 80 81 82 83 84 85 87 88 92 94 99 100 
97 48 8 9 10 14 15 17 19 21 22 23 24 25 26 27 28 29 30 31 32 33 34 39 40 42 46 48 51 52 53 57 60 61 62 69 70 72 75 77 80 82 84 86 88 89 93 94 96 98 
98 58 3 4 6 7 8 9 10 11 12 13 14 16 20 22 23 24 27 28 29 30 32 33 34 36 40 41 42 45 46 47 48 49 51 53 55 56 60 61 63 66 67 69 72 73 75 77 78 80 81 82 83 85 87 89 90 91 95 100 
99 42 5 9 11 13 16 17 18 19 25 26 28 30 33 34 37 38 39 41 44 45 49 50 52 53 59 61 64 65 66 67 72 73 80 81 84 87 89 90 93 94 95 98 
