100
250 371
270 445
260 680
240 707
101 331
257 527
420 425
401 806
328 434
252 702
381 944
378 435
511 901
366 981
320 397
648 790
381 750
60 783
10 489
31 992
280 939
249 395
54 359
377 797
48 178
121 770
119 895
190 710
405 861
75 493
556 871
831 942
305 613
5 693
101 684
72 728
312 977
361 467
263 721
739 899
2 198
121 711
92 591
187 832
141 907
12 680
462 510
458 954
122 646
153 915
19 881
332 987
143 547
267 693
121 407
409 857
9 257
101 530
51 848
980 989
659 959
110 691
645 860
568 672
412 981
586 691
262 292
22 530
405 406
487 503
217 343
226 912
131 600
18 137
874 998
817 832
346 507
205 632
842 891
568 823
153 302
203 284
106 916
512 814
301 320
14 227
334 616
144 625
437 853
310 762
578 850
832 886
464 776
617 782
44 349
129 346
192 332
298 630
134 247
258 810
